E45: HIGH-K SECTOR PROFILES (per-position cascade data)
  K range : 19 .. 20
  Threads : 10
  Target R     = -pi  = -3.141592653589793
============================================================

>>> STARTED K=19  D=37  pairs=3.436e+10  (strided, 10 threads)
>>> COMPLETED K=19 in 313.6s (10 threads)
  D        = 37
  D-odd    = 21365547993
  S00      = -494176763    (n00 = 16186851433)
  S10      = 1536648367    (n10 = 5178696560)
  S00_c0   = -423072387
  S00_c1   = -71104376
  R        = -3.109511579766
  R + pi   = +3.20810738e-02
  alpha    = 0.168066690677
  |R+pi|   = 3.208107e-02   sig.digits = 1.49
  EXACT K=19 S00_c0=-423072387 S00_c1=-71104376 S10=1536648367 n00=16186851433 n10=5178696560

  --- Per-position cascade profiles (d=1..37) ---
     d       cas_00[d]       cas_10[d]  stop_00[d]  stop_10[d]
     4            -878               0         878           0
     5            -640             -65        1828          65
     6           -2680            -165        4008         189
     7           -2066            -294        5464         328
     8           -5140            -434        9732         556
     9           -4284            -659       12050         976
    10           -8400            -821       19532        1263
    11           -6918           -1066       23522        1850
    12          -12290           -1325       36128        2251
    13          -12240           -1722       44432        3256
    14          -17550           -1885       62948        3866
    15          -17266           -2468       77122        5091
    16          -27848           -2693      105580        5567
    17          -22526           -2147      129242        4167
    18          -14008           -1005       63878        1866
    19         -367987          -65390      491547       90256
    20         -319145          -11729     1166880      252314
    21         -169218           82990     2277280      534133
    22          -30056          277284     4602702     1091479
    23          430006          657269     8552300     2187964
    24          827460         1409031    16717128     4364718
    25         1958950         2839838    30179350     8639909
    26         2779892         5708187    57730486    16973635
    27         5773706        10905513    98958602    32994070
    28         3091091        21166293   189211843    63769989
    29        12451491        39490909   301314304   119758563
    30        -6987348        72020475   538788406   223100973
    31        -7138427       124555535   810385553   406479422
    32      -101734133       251520916  1385071160   745670195
    33       -72373205       367461509  1768373626  1184662252
    34      -261110730       638646486  2219831012  2368095397
    35       -71104376               0  8752602910           0


>>> STARTED K=20  D=39  pairs=1.374e+11  (strided, 10 threads)
>>> COMPLETED K=20 in 1373.7s (10 threads)
  D        = 39
  D-odd    = 85465090487
  S00      = -1967962747    (n00 = 64749711489)
  S10      = 6149608524    (n10 = 20715378998)
  S00_c0   = -1683746513
  S00_c1   = -284216234
  R        = -3.124860230904
  R + pi   = +1.67324227e-02
  alpha    = 0.168799894643
  |R+pi|   = 1.673242e-02   sig.digits = 1.78
  EXACT K=20 S00_c0=-1683746513 S00_c1=-284216234 S10=6149608524 n00=64749711489 n10=20715378998

  --- Per-position cascade profiles (d=1..39) ---
     d       cas_00[d]       cas_10[d]  stop_00[d]  stop_10[d]
     4           -1448               0        1448           0
     5           -1052            -110        3006         110
     6           -4404            -268        6592         304
     7           -3338            -491        8836         556
     8           -8300            -708       15808         894
     9           -6614           -1011       19214        1505
    10          -13946           -1381       31776        2095
    11          -10874           -1770       36784        3031
    12          -22164           -2294       59530        4002
    13          -17316           -2864       68276        5366
    14          -30382           -3499      103132        6721
    15          -29456           -4285      123342        8846
    16          -44504           -5021      175626       10513
    17          -43276           -5485      205200       11804
    18          -57736           -4012      283862        8056
    19          -22526           -2147      129242        4167
    20         -774631         -127959     1035519      177933
    21         -604181          -23504     2333332      500239
    22         -387028          169675     4865560     1062383
    23          146694          553137     9237218     2163204
    24          717254         1327417    18489724     4377323
    25         2494976         2845805    34303312     8757997
    26         4070908         5852586    66949794    17464751
    27         8523532        11573619   120821554    34564898
    28        11782702        23044227   231026122    67904370
    29        23660330        43828699   395962508   131987811
    30        12915228        84867134   756964147   255096434
    31        50240301       158154721  1205408294   479054665
    32       -27561024       288263013  2155289690   892430610
    33       -28264379       498388277  3241687791  1625944840
    34      -406688142      1006238883  5540419222  2982716636
    35      -289344932      1469970423  7073631082  4738683579
    36     -1044356785      2554717717  8879428404  9472423355
    37      -284216234               0  35010586542           0


============================================================
E45: ALL DONE (K=19..20)
